1.000000000000000000e+00,9.832869080779944593e-01
2.000000000000000000e+00,9.860724233983286791e-01
3.000000000000000000e+00,9.888579387186628988e-01
4.000000000000000000e+00,9.916434540389972296e-01
5.000000000000000000e+00,9.860724233983286791e-01
6.000000000000000000e+00,9.860724233983286791e-01
7.000000000000000000e+00,9.832869080779944593e-01
8.000000000000000000e+00,9.832869080779944593e-01
9.000000000000000000e+00,9.832869080779944593e-01
1.000000000000000000e+01,9.832869080779944593e-01
1.100000000000000000e+01,9.805013927576601285e-01
1.200000000000000000e+01,9.805013927576601285e-01
1.300000000000000000e+01,9.805013927576601285e-01
1.400000000000000000e+01,9.805013927576601285e-01
1.500000000000000000e+01,9.777158774373259087e-01
1.600000000000000000e+01,9.777158774373259087e-01
1.700000000000000000e+01,9.777158774373259087e-01
1.800000000000000000e+01,9.777158774373259087e-01
1.900000000000000000e+01,9.749303621169916889e-01
2.000000000000000000e+01,9.721448467966573581e-01
2.100000000000000000e+01,9.749303621169916889e-01
2.200000000000000000e+01,9.721448467966573581e-01
2.300000000000000000e+01,9.693593314763231383e-01
2.400000000000000000e+01,9.665738161559888075e-01
2.500000000000000000e+01,9.665738161559888075e-01
2.600000000000000000e+01,9.665738161559888075e-01
2.700000000000000000e+01,9.665738161559888075e-01
2.800000000000000000e+01,9.665738161559888075e-01
2.900000000000000000e+01,9.665738161559888075e-01
3.000000000000000000e+01,9.610027855153203680e-01
3.100000000000000000e+01,9.610027855153203680e-01
3.200000000000000000e+01,9.610027855153203680e-01
3.300000000000000000e+01,9.610027855153203680e-01
3.400000000000000000e+01,9.637883008356545878e-01
3.500000000000000000e+01,9.665738161559888075e-01
3.600000000000000000e+01,9.582172701949860372e-01
